	base_counts	tax_abd	seq_abd
ATCC_17978	4075779	0.05	0.0607862060208422
ATCC_10987	5442819	0.05	0.0811742533312416
ATCC_15703	2089630	0.05	0.0311647613100054
ATCC_17029	4488518	0.05	0.0669417993164641
ATCC_35702	6007460	0.05	0.0895953144716553
ATCC_11828	2497484	0.05	0.0372474996700648
ATCC_BAA_816	3280465	0.05	0.0489248856069385
ATCC_47077	2738556	0.05	0.0408428497265464
ATCC_700926	4642497	0.05	0.0692382435586282
ATCC_700392	1667794	0.05	0.0248734952715357
ATCC_33323	1854273	0.05	0.0276546448168277
ATCC_BAA_335	2243896	0.05	0.0334654858728463
ATCC_8482	5163177	0.05	0.0770036699350171
ATCC_33277	2399479	0.05	0.035785852185971
ATCC_9027	6374461	0.05	0.0950687708086783
ATCC_17982	2393958	0.05	0.0357035119404765
ATCC_BAA_1556	2923627	0.05	0.043603000346706
ATCC_12228	2575951	0.05	0.0384177572399275
ATCC_BAA_611	2159783	0.05	0.0322110238063233
ATCC_700610	2031444	0.05	0.0302969747633039
